Navigator:
  Spawn:
    World: world
    x: -1849.4839468141172
    y: 67.5
    z: 1366.5061635019304
    yaw: 0.7509765625
    pitch: -1.2202165126800537
  RageMode:
    World: world
    x: -1849.6871791007961
    y: 64.0
    z: 1346.5570250898622
    yaw: -180.64459228515625
    pitch: 24.516508102416992
